TOTAL SCORES:
(8, 2821, 61)
###############################################

TOTAL SCORES PAIRS:
(4, 2821, 61)
###############################################

TOTAL AVG SCORES PAIRS:
(2821, 61)
###############################################

TOTAL AVG SCORES:
(2821, 61)
###############################################

TOTAL GMEAN SCORES:
(2821, 61)
###############################################

video labels:
[ 0.  0.  0. ... 47. 45. 11.]


video preds avg:
[0, 18, 0, 0, 0, 0, 0, 0, 0, 15, 0, 0, 47, 0, 47, 0, 51, 0, 51, 51, 51, 57, 15, 26, 0, 0, 51, 0, 21, 47, 5, 57, 57, 0, 57, 51, 15, 51, 15, 47, 15, 0, 45, 47, 0, 47, 47, 57, 57, 0, 0, 51, 51, 57, 47, 47, 51, 47, 11, 15, 36, 51, 18, 51, 15, 11, 0, 0, 47, 21, 51, 51, 0, 47, 57, 57, 0, 21, 21, 47, 58, 47, 51, 29, 51, 21, 51, 0, 0, 15, 51, 0, 51, 47, 51, 45, 47, 0, 45, 0, 45, 47, 21, 47, 51, 47, 51, 0, 0, 0, 0, 47, 51, 47, 5, 47, 0, 0, 5, 5, 51, 0, 0, 45, 24, 5, 51, 51, 0, 5, 5, 47, 0, 18, 51, 57, 51, 5, 52, 24, 5, 51, 0, 51, 57, 57, 29, 5, 5, 50, 26, 18, 50, 5, 0, 5, 5, 47, 5, 18, 5, 5, 18, 52, 51, 0, 18, 52, 47, 52, 52, 52, 51, 5, 47, 18, 0, 51, 5, 52, 52, 51, 51, 18, 8, 58, 5, 0, 26, 0, 0, 51, 8, 58, 0, 0, 5, 51, 36, 5, 5, 18, 52, 5, 5, 5, 26, 21, 0, 0, 0, 47, 51, 0, 15, 51, 51, 51, 0, 0, 0, 0, 47, 0, 51, 51, 0, 0, 47, 0, 0, 51, 0, 51, 51, 0, 0, 0, 0, 47, 51, 51, 0, 21, 0, 0, 0, 51, 1, 1, 0, 0, 0, 0, 0, 51, 0, 0, 0, 18, 5, 21, 0, 0, 0, 0, 15, 0, 0, 0, 0, 0, 0, 0, 0, 0, 0, 0, 0, 0, 0, 0, 0, 0, 0, 0, 0, 0, 0, 0, 15, 5, 57, 5, 47, 51, 47, 51, 47, 47, 58, 57, 57, 0, 9, 47, 47, 57, 0, 9, 47, 0, 51, 47, 47, 0, 47, 45, 57, 0, 51, 5, 5, 57, 57, 21, 51, 57, 57, 26, 6, 5, 0, 0, 11, 47, 47, 11, 51, 11, 51, 57, 11, 26, 5, 5, 11, 5, 0, 57, 47, 57, 26, 45, 0, 51, 0, 18, 5, 0, 3, 3, 1, 57, 36, 26, 0, 0, 0, 0, 26, 0, 0, 47, 0, 57, 57, 0, 47, 47, 58, 47, 58, 0, 0, 26, 47, 51, 0, 47, 47, 21, 47, 45, 26, 47, 58, 5, 57, 0, 0, 0, 26, 15, 47, 47, 58, 47, 0, 47, 51, 0, 47, 0, 57, 8, 48, 58, 47, 0, 0, 51, 45, 57, 26, 0, 5, 0, 0, 21, 0, 5, 5, 0, 0, 0, 47, 57, 0, 58, 29, 0, 26, 47, 0, 57, 0, 47, 50, 0, 48, 58, 29, 0, 18, 0, 18, 50, 50, 52, 50, 26, 26, 52, 3, 47, 0, 18, 47, 52, 47, 0, 0, 52, 5, 5, 5, 0, 5, 47, 47, 18, 5, 52, 52, 5, 51, 51, 0, 5, 0, 52, 18, 52, 5, 5, 26, 18, 5, 0, 18, 47, 47, 52, 26, 0, 5, 18, 52, 47, 0, 0, 52, 5, 0, 0, 0, 0, 0, 0, 0, 0, 1, 0, 0, 0, 0, 0, 0, 0, 0, 0, 0, 0, 0, 0, 1, 0, 0, 0, 0, 0, 0, 0, 0, 0, 0, 50, 6, 0, 17, 0, 0, 0, 0, 0, 0, 0, 0, 0, 9, 0, 0, 5, 47, 0, 47, 47, 29, 0, 0, 5, 47, 47, 0, 47, 5, 5, 21, 0, 0, 0, 5, 5, 51, 47, 45, 57, 9, 4, 47, 21, 0, 3, 0, 0, 0, 0, 0, 0, 0, 0, 0, 47, 0, 0, 0, 5, 0, 18, 0, 0, 0, 0, 0, 0, 0, 0, 0, 0, 0, 18, 47, 0, 0, 0, 0, 0, 0, 0, 0, 0, 0, 0, 0, 47, 45, 0, 21, 0, 15, 47, 45, 57, 5, 47, 30, 47, 0, 15, 51, 15, 15, 51, 21, 0, 45, 57, 57, 0, 57, 8, 48, 58, 48, 58, 48, 58, 29, 15, 0, 47, 0, 0, 0, 21, 51, 30, 15, 53, 15, 0, 15, 45, 21, 15, 47, 51, 45, 8, 48, 58, 0, 8, 0, 51, 21, 47, 45, 45, 8, 48, 58, 0, 0, 5, 47, 0, 15, 51, 15, 57, 57, 8, 48, 0, 58, 36, 8, 29, 5, 47, 58, 0, 58, 47, 0, 51, 8, 5, 48, 0, 51, 0, 15, 15, 0, 0, 0, 0, 21, 0, 57, 57, 8, 47, 54, 58, 0, 5, 21, 5, 5, 57, 8, 8, 58, 58, 4, 0, 15, 0, 0, 42, 8, 58, 29, 51, 51, 51, 0, 51, 51, 15, 45, 45, 21, 15, 21, 47, 8, 0, 48, 58, 3, 5, 21, 47, 45, 21, 0, 19, 0, 18, 18, 21, 21, 47, 42, 47, 0, 21, 15, 0, 18, 5, 47, 0, 47, 0, 47, 45, 8, 48, 0, 0, 51, 48, 58, 47, 51, 5, 51, 5, 8, 58, 0, 5, 8, 58, 0, 50, 5, 5, 50, 0, 47, 5, 0, 47, 0, 52, 18, 13, 18, 5, 18, 51, 0, 5, 5, 0, 18, 5, 47, 51, 47, 51, 52, 0, 5, 5, 26, 39, 18, 47, 18, 18, 18, 18, 0, 18, 18, 3, 18, 47, 18, 18, 39, 18, 18, 0, 47, 18, 18, 51, 47, 5, 47, 0, 0, 51, 0, 18, 51, 18, 18, 18, 51, 47, 18, 52, 5, 0, 0, 52, 18, 47, 58, 0, 0, 5, 0, 5, 0, 51, 18, 51, 18, 47, 18, 51, 18, 18, 5, 47, 0, 0, 0, 51, 51, 0, 0, 0, 0, 0, 0, 0, 0, 0, 0, 57, 0, 0, 0, 1, 0, 0, 0, 0, 0, 0, 1, 0, 0, 0, 0, 0, 0, 0, 0, 0, 0, 0, 0, 0, 0, 3, 0, 0, 0, 0, 0, 0, 0, 0, 21, 0, 0, 0, 0, 0, 0, 0, 24, 0, 0, 0, 0, 0, 21, 0, 0, 0, 47, 51, 21, 47, 45, 8, 47, 58, 0, 18, 47, 0, 18, 0, 5, 51, 47, 5, 47, 47, 57, 47, 8, 48, 58, 21, 0, 21, 21, 0, 21, 0, 57, 47, 12, 47, 51, 21, 45, 45, 45, 45, 45, 0, 0, 8, 48, 58, 29, 26, 5, 26, 21, 0, 0, 51, 47, 57, 0, 51, 21, 5, 0, 0, 0, 47, 5, 47, 0, 47, 47, 47, 47, 57, 57, 45, 21, 13, 48, 48, 0, 0, 21, 5, 0, 5, 8, 5, 47, 58, 26, 47, 51, 5, 58, 58, 47, 58, 21, 26, 0, 0, 0, 0, 0, 47, 21, 8, 47, 9, 0, 21, 18, 45, 57, 47, 47, 47, 5, 51, 21, 0, 45, 8, 47, 58, 5, 58, 29, 8, 47, 58, 0, 0, 26, 0, 5, 16, 5, 16, 5, 5, 50, 57, 17, 17, 56, 16, 16, 50, 26, 18, 50, 26, 57, 26, 3, 24, 18, 3, 3, 0, 3, 18, 18, 47, 5, 0, 5, 18, 5, 0, 24, 5, 52, 50, 51, 18, 52, 5, 26, 0, 5, 52, 47, 18, 48, 51, 18, 48, 5, 26, 3, 24, 24, 5, 47, 26, 47, 13, 5, 26, 47, 0, 47, 47, 47, 51, 21, 47, 47, 18, 0, 47, 5, 47, 5, 5, 47, 9, 0, 47, 47, 0, 0, 57, 51, 21, 0, 0, 45, 21, 18, 5, 36, 0, 18, 0, 47, 5, 0, 57, 0, 51, 0, 51, 0, 0, 0, 47, 5, 39, 51, 0, 0, 5, 29, 21, 1, 0, 21, 29, 0, 5, 47, 57, 0, 18, 47, 5, 0, 0, 21, 0, 5, 18, 0, 21, 47, 0, 0, 47, 0, 0, 5, 47, 0, 0, 0, 0, 0, 5, 0, 5, 0, 0, 9, 18, 0, 0, 0, 3, 5, 0, 0, 26, 26, 47, 0, 0, 0, 5, 9, 47, 47, 20, 57, 51, 51, 47, 47, 45, 51, 21, 57, 0, 21, 57, 0, 5, 48, 58, 48, 58, 48, 58, 21, 0, 0, 21, 5, 0, 21, 5, 5, 5, 0, 47, 0, 0, 47, 0, 0, 0, 18, 47, 47, 21, 21, 45, 45, 45, 5, 47, 58, 0, 5, 51, 0, 51, 47, 45, 47, 58, 26, 0, 0, 5, 0, 18, 21, 0, 47, 47, 36, 47, 15, 51, 21, 47, 57, 15, 36, 47, 21, 51, 0, 21, 47, 45, 15, 47, 58, 47, 48, 58, 29, 21, 47, 58, 47, 58, 8, 47, 51, 58, 29, 0, 47, 0, 51, 0, 0, 21, 51, 15, 51, 21, 21, 57, 45, 51, 8, 8, 47, 47, 47, 47, 58, 29, 0, 15, 0, 51, 47, 47, 4, 47, 45, 45, 51, 47, 0, 45, 45, 8, 58, 29, 47, 0, 0, 58, 21, 5, 0, 5, 21, 47, 21, 57, 0, 0, 51, 51, 7, 7, 8, 48, 58, 29, 8, 5, 0, 0, 15, 0, 15, 0, 47, 21, 47, 48, 24, 47, 57, 28, 5, 5, 47, 58, 28, 5, 0, 58, 21, 47, 51, 5, 0, 0, 47, 0, 0, 0, 29, 47, 51, 45, 21, 47, 58, 0, 0, 0, 47, 0, 0, 47, 0, 47, 45, 21, 47, 8, 58, 58, 0, 5, 58, 47, 47, 58, 0, 47, 47, 29, 26, 0, 1, 21, 5, 50, 5, 5, 50, 5, 5, 5, 5, 5, 5, 5, 0, 39, 3, 5, 51, 50, 5, 0, 0, 18, 18, 47, 18, 18, 18, 18, 18, 18, 42, 18, 18, 18, 3, 24, 18, 18, 0, 39, 5, 57, 47, 21, 47, 18, 47, 18, 51, 5, 47, 5, 0, 30, 18, 51, 5, 18, 47, 5, 58, 18, 51, 51, 47, 51, 18, 47, 51, 51, 0, 0, 18, 3, 52, 0, 0, 18, 0, 0, 0, 18, 18, 5, 47, 51, 26, 51, 47, 45, 18, 0, 18, 51, 26, 26, 3, 21, 0, 0, 15, 0, 20, 0, 0, 47, 0, 29, 0, 57, 0, 0, 0, 0, 0, 47, 0, 21, 0, 47, 0, 15, 9, 0, 0, 21, 1, 0, 58, 0, 21, 48, 26, 58, 47, 0, 0, 47, 47, 47, 0, 47, 0, 5, 47, 0, 0, 5, 5, 0, 0, 0, 9, 0, 0, 0, 3, 24, 0, 5, 0, 0, 47, 5, 0, 47, 51, 21, 47, 45, 48, 47, 58, 48, 58, 0, 0, 0, 58, 47, 58, 29, 21, 0, 51, 9, 20, 47, 47, 47, 47, 57, 21, 47, 57, 8, 47, 0, 0, 48, 58, 58, 58, 47, 47, 51, 51, 51, 21, 58, 58, 0, 21, 57, 21, 47, 0, 0, 5, 0, 0, 11, 0, 0, 0, 47, 47, 0, 48, 51, 5, 9, 0, 21, 15, 47, 47, 7, 47, 51, 21, 47, 47, 5, 21, 48, 58, 48, 48, 47, 5, 51, 51, 47, 58, 48, 47, 48, 46, 58, 47, 28, 0, 0, 0, 0, 21, 47, 15, 47, 57, 21, 47, 57, 21, 51, 21, 47, 58, 7, 7, 7, 47, 15, 47, 57, 47, 5, 5, 47, 51, 21, 47, 51, 21, 18, 47, 47, 51, 57, 47, 5, 7, 48, 58, 21, 26, 15, 57, 0, 11, 0, 0, 0, 26, 0, 0, 0, 47, 0, 0, 0, 21, 21, 0, 0, 0, 51, 7, 58, 0, 5, 51, 47, 47, 21, 21, 7, 47, 58, 11, 0, 5, 51, 28, 0, 47, 51, 57, 47, 57, 0, 48, 21, 46, 51, 8, 29, 0, 0, 0, 0, 18, 47, 47, 47, 47, 51, 0, 0, 0, 0, 47, 0, 5, 9, 47, 5, 21, 51, 45, 8, 47, 48, 58, 58, 47, 51, 45, 45, 45, 28, 47, 29, 15, 47, 51, 15, 21, 47, 45, 51, 47, 58, 29, 26, 57, 47, 47, 7, 0, 0, 8, 48, 58, 48, 58, 0, 0, 47, 47, 26, 0, 47, 0, 0, 21, 48, 47, 45, 21, 8, 48, 58, 48, 48, 58, 8, 0, 0, 0, 57, 0, 0, 0, 0, 0, 45, 0, 0, 0, 5, 21, 47, 0, 47, 0, 0, 0, 21, 47, 0, 0, 18, 57, 47, 51, 45, 0, 0, 26, 7, 21, 0, 0, 0, 45, 47, 21, 36, 15, 57, 45, 47, 8, 48, 51, 58, 29, 0, 57, 57, 57, 57, 57, 0, 0, 51, 0, 0, 51, 5, 0, 28, 47, 28, 18, 0, 51, 0, 52, 26, 18, 47, 50, 47, 52, 5, 48, 26, 29, 39, 5, 0, 58, 28, 0, 0, 0, 0, 21, 47, 51, 47, 0, 0, 51, 28, 24, 8, 47, 51, 47, 47, 24, 24, 8, 21, 47, 47, 18, 21, 47, 29, 0, 51, 0, 47, 57, 0, 5, 51, 0, 8, 15, 0, 7, 51, 47, 26, 0, 0, 47, 51, 51, 51, 15, 47, 51, 21, 47, 57, 21, 5, 0, 26, 45, 5, 50, 5, 0, 5, 0, 39, 0, 39, 47, 5, 0, 18, 5, 5, 0, 0, 50, 5, 0, 11, 47, 9, 0, 0, 0, 0, 0, 0, 0, 0, 0, 47, 0, 21, 58, 47, 51, 0, 51, 47, 54, 0, 58, 5, 57, 26, 0, 0, 15, 0, 5, 0, 58, 5, 51, 29, 0, 0, 0, 0, 0, 0, 0, 0, 0, 0, 5, 21, 57, 5, 18, 47, 47, 0, 0, 0, 26, 0, 0, 5, 0, 51, 0, 0, 0, 0, 0, 51, 0, 58, 57, 7, 48, 58, 47, 29, 0, 0, 0, 15, 47, 0, 51, 51, 15, 51, 47, 57, 0, 0, 0, 15, 42, 21, 0, 0, 0, 0, 39, 47, 57, 21, 47, 57, 47, 8, 48, 19, 48, 58, 47, 47, 47, 0, 47, 0, 47, 0, 0, 0, 57, 57, 51, 51, 8, 48, 58, 57, 57, 48, 5, 57, 47, 53, 47, 58, 47, 58, 29, 0, 26, 47, 0, 0, 0, 0, 0, 26, 6, 42, 0, 5, 51, 47, 47, 51, 0, 5, 51, 0, 0, 21, 47, 15, 45, 57, 8, 48, 58, 29, 26, 15, 5, 53, 47, 0, 0, 53, 53, 0, 18, 0, 57, 53, 57, 21, 47, 0, 0, 0, 5, 0, 0, 26, 0, 21, 51, 0, 0, 8, 58, 58, 48, 58, 58, 58, 29, 21, 5, 21, 0, 47, 47, 0, 47, 0, 15, 0, 47, 15, 21, 0, 18, 0, 51, 0, 15, 51, 0, 47, 0, 21, 51, 47, 51, 21, 47, 45, 18, 0, 0, 5, 18, 56, 0, 21, 0, 0, 5, 47, 51, 51, 47, 57, 26, 5, 0, 5, 26, 0, 47, 0, 0, 58, 36, 15, 0, 0, 0, 47, 0, 0, 0, 36, 0, 0, 0, 15, 18, 47, 18, 47, 45, 8, 18, 48, 15, 48, 58, 51, 0, 0, 0, 0, 56, 18, 58, 0, 18, 21, 8, 58, 51, 0, 47, 58, 26, 47, 0, 18, 26, 0, 0, 0, 0, 47, 51, 57, 51, 51, 0, 57, 47, 47, 57, 57, 48, 48, 58, 36, 5, 48, 47, 58, 29, 5, 5, 26, 0, 0, 0, 20, 26, 0, 0, 5, 5, 0, 51, 21, 47, 57, 0, 26, 0, 18, 0, 18, 0, 47, 0, 5, 47, 0, 51, 0, 21, 0, 47, 47, 45, 3, 0, 18, 0, 0, 18, 0, 5, 47, 0, 0, 0, 51, 18, 42, 50, 50, 51, 57, 52, 8, 47, 58, 29, 0, 20, 0, 0, 0, 0, 0, 18, 0, 0, 0, 47, 5, 18, 0, 0, 0, 18, 18, 18, 18, 18, 0, 15, 0, 5, 1, 17, 50, 5, 5, 50, 5, 17, 0, 18, 21, 18, 0, 0, 18, 0, 0, 3, 52, 21, 26, 18, 52, 17, 0, 5, 47, 18, 18, 47, 0, 30, 8, 50, 18, 51, 18, 52, 18, 18, 51, 52, 47, 51, 0, 5, 0, 5, 51, 5, 0, 0, 18, 47, 0, 51, 5, 18, 51, 0, 51, 58, 0, 18, 51, 51, 51, 18, 47, 51, 0, 0, 0, 0, 0, 0, 0, 0, 5, 41, 36, 47, 15, 36, 9, 0, 5, 0, 0, 0, 21, 36, 21, 0, 0, 0, 0, 0, 51, 0, 9, 5, 0, 15, 47, 57, 0, 0, 26, 0, 0, 0, 0, 0, 0, 0, 0, 0, 5, 0, 0, 0, 0, 0, 5, 0, 5, 0, 0, 0, 47, 0, 0, 1, 0, 0, 47, 0, 0, 0, 0, 47, 0, 0, 0, 0, 0, 0, 0, 3, 1, 47, 0, 0, 0, 0, 18, 3, 3, 24, 0, 3, 3, 18, 0, 18, 0, 0, 0, 5, 17, 0, 0, 18, 3, 36, 0, 5, 0, 18, 0, 51, 0, 0, 0, 0, 20, 51, 1, 1, 0, 0, 3, 0, 39, 0, 0, 8, 58, 58, 47, 47, 57, 9, 36, 36, 5, 36, 21, 8, 0, 5, 20, 21, 20, 15, 36, 0, 42, 21, 5, 21, 21, 0, 0, 9, 0, 0, 15, 0, 0, 0, 9, 0, 0, 0, 0, 0, 0, 0, 5, 0, 0, 57, 0, 57, 57, 20]


video preds:
[0, 18, 0, 0, 0, 0, 0, 0, 0, 15, 0, 0, 47, 0, 47, 0, 51, 0, 51, 51, 51, 57, 15, 39, 0, 0, 51, 0, 21, 47, 5, 51, 57, 0, 57, 51, 15, 51, 15, 47, 15, 57, 45, 51, 0, 45, 47, 47, 57, 0, 0, 51, 51, 57, 47, 26, 51, 47, 8, 15, 36, 51, 15, 51, 21, 11, 0, 0, 47, 21, 51, 51, 0, 47, 57, 57, 0, 21, 21, 48, 58, 47, 51, 29, 51, 21, 48, 15, 0, 15, 51, 21, 51, 47, 51, 45, 47, 0, 0, 0, 51, 47, 8, 47, 51, 47, 51, 0, 0, 0, 0, 47, 51, 47, 47, 47, 0, 0, 5, 47, 51, 0, 51, 45, 51, 5, 51, 57, 0, 5, 5, 47, 0, 18, 51, 57, 51, 5, 52, 24, 5, 51, 0, 51, 57, 57, 29, 5, 5, 50, 26, 18, 50, 5, 0, 5, 5, 47, 5, 18, 5, 47, 18, 52, 51, 0, 18, 52, 47, 52, 51, 52, 51, 5, 47, 18, 0, 51, 5, 52, 52, 51, 51, 18, 8, 58, 47, 0, 57, 51, 0, 51, 8, 58, 0, 0, 5, 51, 36, 5, 5, 18, 52, 5, 5, 5, 26, 21, 0, 0, 0, 47, 51, 0, 36, 51, 51, 51, 0, 0, 0, 0, 47, 0, 51, 51, 0, 0, 47, 0, 0, 51, 0, 51, 51, 0, 0, 0, 0, 47, 51, 51, 0, 15, 0, 0, 0, 51, 0, 1, 0, 0, 0, 0, 0, 51, 0, 0, 0, 18, 5, 21, 0, 0, 0, 0, 15, 0, 0, 0, 0, 0, 0, 0, 0, 0, 0, 0, 0, 0, 0, 0, 0, 0, 0, 39, 0, 0, 0, 0, 21, 5, 57, 5, 47, 51, 5, 51, 47, 47, 58, 57, 57, 0, 9, 47, 47, 57, 0, 9, 47, 0, 51, 5, 47, 0, 45, 57, 57, 57, 51, 5, 5, 57, 57, 21, 57, 57, 57, 26, 15, 5, 0, 0, 11, 47, 45, 0, 51, 11, 51, 57, 11, 26, 5, 5, 11, 5, 47, 57, 47, 57, 26, 57, 0, 45, 0, 18, 5, 0, 3, 3, 1, 57, 36, 26, 0, 0, 0, 0, 26, 0, 26, 47, 0, 57, 57, 0, 47, 58, 58, 47, 58, 0, 0, 26, 47, 51, 0, 47, 47, 21, 47, 45, 5, 47, 58, 5, 57, 0, 0, 0, 15, 15, 47, 47, 58, 47, 0, 47, 51, 0, 47, 47, 57, 8, 48, 58, 47, 26, 0, 51, 45, 57, 26, 18, 5, 5, 0, 21, 0, 5, 5, 0, 0, 0, 47, 57, 0, 58, 29, 0, 5, 47, 0, 57, 21, 47, 50, 0, 48, 58, 29, 0, 18, 0, 18, 50, 50, 52, 50, 26, 26, 0, 3, 47, 0, 18, 47, 52, 47, 0, 0, 52, 5, 5, 5, 0, 5, 47, 47, 18, 18, 52, 5, 5, 51, 51, 0, 5, 0, 52, 18, 52, 5, 5, 26, 18, 5, 0, 18, 47, 47, 52, 26, 0, 5, 18, 52, 47, 0, 0, 52, 5, 0, 0, 0, 0, 0, 0, 0, 0, 1, 0, 0, 0, 0, 0, 0, 0, 0, 0, 0, 0, 0, 0, 1, 0, 0, 0, 0, 0, 0, 0, 0, 0, 0, 50, 6, 0, 5, 0, 0, 0, 0, 0, 0, 0, 0, 0, 0, 0, 0, 5, 47, 0, 47, 47, 29, 5, 0, 5, 47, 57, 0, 47, 5, 5, 21, 51, 0, 0, 5, 5, 51, 47, 45, 57, 9, 5, 47, 21, 0, 3, 0, 0, 0, 0, 0, 5, 0, 0, 0, 47, 0, 0, 0, 5, 0, 18, 0, 0, 0, 0, 0, 0, 0, 0, 0, 0, 0, 18, 47, 0, 0, 0, 0, 0, 0, 0, 0, 0, 0, 0, 0, 47, 57, 0, 15, 0, 21, 47, 45, 57, 5, 47, 30, 47, 0, 15, 51, 0, 15, 51, 21, 0, 45, 57, 57, 0, 57, 8, 48, 58, 48, 58, 48, 58, 29, 15, 0, 15, 36, 0, 0, 21, 51, 30, 21, 57, 15, 0, 15, 45, 21, 21, 47, 51, 45, 8, 48, 58, 0, 29, 0, 51, 21, 47, 45, 45, 8, 48, 58, 0, 0, 5, 47, 0, 15, 51, 15, 57, 57, 8, 48, 0, 58, 26, 8, 29, 5, 47, 58, 0, 58, 47, 0, 57, 8, 8, 47, 0, 51, 0, 15, 21, 0, 0, 0, 0, 21, 57, 57, 57, 8, 47, 5, 57, 0, 5, 8, 5, 5, 57, 8, 8, 58, 58, 4, 0, 15, 47, 24, 42, 8, 58, 29, 47, 58, 58, 0, 57, 51, 15, 45, 45, 21, 15, 21, 47, 8, 0, 48, 58, 3, 5, 21, 47, 45, 21, 18, 19, 0, 18, 18, 21, 21, 47, 42, 47, 0, 21, 24, 0, 18, 5, 47, 0, 47, 51, 47, 45, 8, 48, 0, 0, 51, 48, 58, 47, 51, 5, 51, 5, 8, 58, 0, 5, 8, 58, 0, 50, 5, 5, 50, 0, 47, 5, 0, 0, 0, 52, 18, 13, 18, 5, 18, 51, 0, 5, 5, 0, 47, 5, 47, 0, 47, 51, 52, 0, 0, 5, 26, 18, 18, 47, 18, 18, 18, 18, 0, 47, 17, 3, 18, 48, 18, 18, 39, 18, 18, 0, 47, 18, 18, 51, 18, 5, 47, 52, 0, 51, 0, 18, 18, 18, 18, 18, 51, 47, 18, 52, 5, 0, 47, 52, 18, 48, 58, 0, 0, 5, 0, 0, 0, 52, 18, 52, 18, 47, 18, 51, 18, 18, 18, 47, 0, 0, 0, 51, 51, 0, 0, 0, 0, 0, 0, 0, 0, 0, 0, 57, 0, 0, 0, 1, 0, 0, 0, 0, 0, 0, 1, 0, 0, 0, 0, 0, 0, 0, 0, 0, 0, 0, 0, 0, 0, 3, 24, 0, 0, 0, 0, 0, 0, 0, 21, 0, 0, 0, 0, 0, 0, 0, 24, 0, 0, 0, 0, 0, 21, 0, 0, 0, 47, 51, 21, 45, 45, 8, 47, 58, 0, 18, 47, 18, 18, 0, 5, 51, 47, 5, 47, 47, 57, 47, 8, 48, 58, 21, 0, 21, 21, 0, 21, 0, 57, 47, 5, 47, 51, 21, 45, 45, 45, 45, 45, 0, 57, 8, 48, 58, 29, 26, 5, 26, 21, 0, 0, 47, 47, 57, 0, 51, 21, 5, 0, 0, 0, 47, 5, 51, 0, 47, 47, 47, 47, 45, 57, 57, 21, 13, 48, 48, 0, 21, 21, 5, 0, 5, 8, 5, 47, 58, 26, 47, 51, 5, 58, 58, 47, 58, 21, 26, 0, 0, 0, 0, 0, 47, 21, 8, 47, 9, 0, 21, 18, 45, 57, 48, 47, 47, 5, 51, 21, 0, 45, 8, 47, 58, 5, 58, 29, 8, 47, 58, 0, 0, 26, 0, 0, 21, 5, 16, 5, 5, 50, 57, 26, 18, 51, 16, 17, 50, 26, 18, 50, 26, 57, 26, 3, 24, 18, 3, 24, 0, 3, 18, 18, 47, 5, 0, 5, 18, 5, 0, 24, 5, 51, 50, 51, 18, 52, 5, 26, 0, 5, 50, 47, 18, 48, 51, 18, 48, 5, 26, 3, 24, 24, 5, 47, 26, 47, 13, 5, 26, 47, 0, 47, 47, 47, 51, 21, 47, 47, 18, 0, 47, 5, 47, 5, 5, 47, 9, 0, 47, 47, 0, 0, 57, 51, 21, 0, 26, 45, 21, 5, 5, 36, 26, 18, 0, 47, 5, 0, 57, 0, 51, 0, 51, 0, 0, 0, 47, 5, 39, 51, 0, 0, 5, 29, 15, 1, 0, 21, 36, 0, 5, 0, 57, 0, 18, 47, 5, 0, 0, 21, 0, 5, 18, 0, 21, 47, 0, 0, 47, 0, 0, 5, 47, 0, 0, 0, 0, 0, 5, 0, 5, 0, 0, 9, 18, 0, 0, 0, 3, 5, 0, 0, 26, 26, 47, 0, 0, 26, 5, 5, 47, 47, 20, 57, 51, 51, 47, 47, 57, 51, 21, 57, 47, 21, 57, 0, 5, 48, 58, 48, 58, 48, 58, 21, 0, 0, 21, 5, 0, 21, 5, 5, 5, 0, 47, 0, 0, 47, 0, 0, 0, 18, 47, 47, 21, 21, 45, 45, 45, 5, 47, 58, 0, 5, 51, 0, 51, 47, 45, 47, 58, 26, 0, 0, 5, 0, 18, 21, 0, 47, 47, 36, 47, 15, 51, 21, 47, 57, 15, 15, 47, 21, 51, 0, 21, 47, 45, 8, 47, 58, 47, 48, 58, 29, 7, 47, 58, 47, 58, 8, 47, 51, 58, 29, 0, 47, 11, 51, 0, 0, 21, 51, 0, 51, 21, 21, 57, 45, 51, 8, 15, 47, 47, 47, 47, 58, 29, 0, 15, 0, 51, 47, 47, 4, 47, 47, 45, 15, 47, 0, 45, 45, 8, 58, 29, 47, 0, 0, 58, 21, 5, 0, 5, 21, 47, 21, 57, 0, 0, 51, 51, 7, 7, 8, 48, 58, 29, 8, 5, 0, 0, 15, 0, 15, 0, 47, 21, 47, 48, 24, 47, 57, 28, 5, 5, 47, 58, 28, 5, 0, 58, 21, 47, 51, 5, 26, 0, 47, 0, 0, 0, 29, 47, 57, 57, 21, 47, 58, 0, 0, 0, 47, 0, 0, 47, 0, 47, 45, 21, 47, 8, 58, 48, 0, 5, 58, 47, 47, 58, 0, 47, 47, 29, 26, 0, 26, 21, 5, 50, 5, 5, 50, 5, 5, 5, 5, 5, 26, 5, 0, 39, 39, 5, 51, 0, 5, 47, 0, 18, 18, 47, 18, 18, 0, 18, 18, 18, 21, 18, 18, 18, 3, 24, 18, 18, 0, 39, 5, 57, 47, 21, 47, 18, 47, 18, 0, 5, 47, 5, 0, 30, 18, 51, 5, 18, 47, 5, 51, 18, 51, 51, 47, 51, 18, 47, 51, 51, 0, 0, 18, 3, 52, 0, 0, 18, 0, 0, 0, 18, 18, 18, 47, 51, 26, 51, 47, 45, 18, 0, 18, 51, 26, 26, 3, 21, 0, 0, 15, 0, 47, 0, 0, 47, 0, 29, 0, 57, 0, 0, 0, 0, 0, 47, 0, 15, 0, 47, 0, 15, 15, 0, 0, 21, 1, 0, 58, 0, 21, 48, 26, 58, 47, 0, 0, 47, 47, 47, 0, 47, 0, 5, 47, 0, 21, 5, 5, 0, 0, 0, 5, 0, 0, 0, 3, 24, 0, 5, 0, 18, 47, 5, 0, 47, 51, 21, 47, 45, 48, 47, 58, 48, 58, 0, 0, 0, 58, 47, 58, 29, 21, 21, 51, 21, 20, 47, 47, 47, 47, 45, 21, 47, 57, 8, 47, 0, 0, 48, 58, 58, 58, 47, 47, 51, 51, 51, 21, 48, 58, 0, 21, 57, 21, 47, 0, 0, 5, 0, 0, 11, 0, 0, 5, 47, 47, 0, 48, 51, 5, 9, 0, 21, 15, 47, 47, 7, 21, 51, 21, 47, 47, 5, 21, 48, 58, 48, 48, 47, 5, 51, 47, 47, 58, 48, 47, 48, 51, 58, 47, 28, 0, 0, 0, 0, 21, 47, 42, 47, 57, 21, 47, 57, 21, 51, 21, 47, 58, 7, 29, 7, 47, 15, 47, 57, 47, 5, 5, 47, 51, 21, 47, 51, 21, 18, 47, 47, 51, 57, 47, 5, 7, 48, 58, 7, 26, 15, 57, 0, 11, 0, 0, 0, 26, 0, 0, 0, 47, 0, 0, 0, 21, 21, 0, 0, 0, 51, 7, 58, 0, 5, 51, 0, 47, 21, 21, 0, 47, 58, 0, 11, 57, 51, 0, 0, 47, 51, 57, 47, 57, 0, 48, 21, 0, 47, 8, 29, 0, 0, 0, 0, 18, 47, 47, 47, 47, 51, 0, 0, 0, 0, 47, 0, 5, 21, 47, 47, 21, 51, 0, 8, 47, 48, 58, 58, 47, 51, 45, 45, 45, 28, 47, 29, 15, 47, 51, 15, 21, 47, 45, 51, 47, 58, 29, 26, 57, 47, 47, 1, 0, 0, 8, 48, 58, 48, 58, 0, 0, 47, 47, 42, 0, 47, 0, 0, 21, 29, 47, 45, 21, 8, 47, 58, 48, 48, 58, 8, 0, 0, 0, 57, 0, 0, 0, 0, 0, 45, 0, 0, 0, 5, 21, 47, 0, 47, 0, 0, 0, 21, 47, 0, 0, 18, 57, 47, 51, 45, 0, 0, 5, 7, 21, 0, 0, 0, 45, 47, 21, 36, 15, 45, 45, 47, 8, 48, 51, 58, 29, 0, 57, 57, 57, 57, 57, 0, 0, 51, 0, 0, 51, 5, 0, 29, 47, 28, 21, 0, 51, 0, 52, 26, 18, 18, 50, 47, 52, 5, 48, 47, 29, 39, 5, 0, 58, 28, 21, 0, 0, 0, 21, 47, 51, 47, 0, 0, 51, 28, 24, 8, 47, 51, 47, 47, 24, 24, 21, 21, 47, 47, 24, 18, 47, 29, 0, 51, 0, 47, 57, 0, 5, 58, 0, 8, 15, 47, 18, 51, 47, 51, 0, 0, 47, 51, 51, 51, 15, 47, 51, 21, 47, 57, 21, 5, 0, 26, 45, 5, 50, 5, 0, 5, 0, 39, 0, 39, 47, 5, 0, 5, 5, 5, 0, 0, 51, 5, 0, 0, 47, 15, 0, 0, 0, 0, 0, 0, 0, 0, 0, 47, 0, 21, 58, 48, 47, 0, 51, 51, 54, 0, 58, 5, 57, 26, 0, 0, 15, 0, 5, 0, 58, 5, 51, 29, 0, 0, 0, 0, 0, 0, 0, 0, 0, 0, 5, 21, 57, 5, 18, 47, 47, 0, 51, 0, 26, 0, 0, 5, 0, 51, 0, 0, 0, 0, 0, 51, 0, 58, 57, 7, 48, 58, 47, 29, 0, 0, 0, 15, 47, 0, 51, 51, 21, 51, 47, 57, 0, 0, 0, 15, 15, 21, 0, 0, 0, 0, 39, 47, 57, 21, 47, 47, 47, 8, 48, 19, 48, 58, 47, 47, 47, 0, 6, 0, 47, 0, 0, 0, 57, 57, 51, 51, 8, 48, 58, 57, 58, 48, 5, 57, 47, 57, 47, 58, 47, 58, 29, 0, 26, 47, 0, 0, 0, 0, 0, 26, 6, 42, 0, 5, 51, 47, 47, 51, 0, 5, 51, 0, 0, 21, 47, 15, 45, 57, 8, 48, 58, 29, 26, 15, 0, 53, 47, 0, 0, 53, 53, 0, 18, 0, 57, 53, 57, 21, 47, 0, 0, 0, 21, 0, 0, 26, 0, 21, 51, 0, 0, 8, 58, 58, 48, 58, 58, 58, 29, 21, 5, 21, 0, 47, 47, 0, 47, 0, 15, 0, 47, 15, 21, 0, 18, 0, 51, 0, 47, 51, 0, 47, 0, 15, 51, 47, 51, 21, 47, 51, 18, 0, 0, 5, 18, 56, 0, 21, 0, 0, 5, 47, 51, 51, 47, 53, 26, 5, 0, 5, 26, 0, 0, 0, 0, 58, 36, 15, 0, 0, 0, 47, 0, 0, 0, 0, 0, 0, 0, 15, 18, 47, 18, 47, 45, 8, 18, 47, 15, 48, 58, 0, 0, 0, 0, 0, 56, 18, 58, 0, 18, 21, 8, 58, 51, 0, 47, 58, 0, 47, 0, 21, 0, 0, 0, 0, 0, 47, 47, 57, 51, 51, 0, 57, 47, 47, 57, 57, 48, 48, 58, 36, 5, 48, 47, 0, 29, 0, 5, 26, 0, 0, 0, 0, 26, 0, 0, 5, 5, 0, 51, 21, 47, 51, 0, 26, 0, 18, 0, 18, 0, 47, 0, 5, 47, 0, 47, 0, 21, 0, 47, 47, 45, 3, 0, 18, 0, 0, 18, 0, 18, 47, 0, 0, 0, 51, 18, 42, 50, 50, 51, 57, 51, 8, 47, 58, 29, 0, 20, 0, 0, 0, 0, 0, 18, 0, 0, 0, 47, 5, 18, 0, 0, 0, 18, 18, 18, 18, 18, 0, 15, 0, 18, 1, 17, 50, 5, 5, 50, 5, 18, 0, 18, 18, 18, 0, 0, 0, 0, 0, 3, 26, 21, 26, 18, 52, 17, 0, 5, 47, 18, 18, 47, 0, 30, 8, 50, 18, 47, 18, 52, 18, 18, 51, 51, 47, 51, 0, 5, 0, 5, 51, 5, 0, 0, 5, 47, 0, 51, 5, 18, 51, 0, 47, 58, 0, 18, 51, 51, 51, 18, 47, 51, 0, 0, 0, 0, 0, 0, 0, 0, 5, 27, 36, 47, 15, 36, 9, 0, 5, 0, 0, 0, 0, 36, 21, 0, 0, 0, 0, 0, 51, 0, 21, 5, 0, 15, 47, 57, 0, 0, 26, 0, 0, 0, 0, 0, 0, 0, 0, 0, 5, 0, 0, 0, 0, 0, 5, 0, 5, 0, 0, 0, 47, 0, 0, 1, 0, 0, 47, 0, 0, 0, 0, 47, 0, 0, 0, 0, 0, 0, 0, 3, 1, 47, 0, 0, 0, 0, 18, 3, 3, 24, 0, 3, 3, 18, 0, 18, 0, 0, 0, 5, 17, 0, 0, 0, 3, 36, 0, 5, 0, 18, 0, 51, 0, 0, 0, 0, 5, 51, 1, 1, 0, 0, 3, 0, 18, 0, 0, 8, 48, 58, 48, 49, 57, 9, 36, 36, 5, 36, 21, 26, 0, 5, 20, 21, 20, 15, 36, 0, 42, 21, 5, 21, 21, 0, 0, 5, 0, 0, 15, 0, 0, 0, 9, 0, 0, 0, 0, 0, 0, 0, 5, 0, 0, 57, 0, 57, 57, 5]


video preds gmean:
[0, 18, 0, 0, 0, 0, 0, 0, 0, 15, 0, 0, 47, 0, 47, 0, 51, 0, 51, 47, 51, 57, 15, 15, 0, 0, 51, 0, 15, 47, 5, 51, 57, 0, 57, 51, 15, 51, 15, 47, 15, 57, 45, 57, 0, 57, 47, 47, 57, 0, 0, 51, 51, 57, 47, 57, 51, 47, 29, 15, 36, 51, 15, 51, 15, 11, 0, 0, 47, 15, 51, 51, 0, 47, 57, 57, 0, 21, 21, 48, 58, 47, 51, 29, 51, 21, 47, 15, 0, 47, 51, 21, 51, 47, 51, 45, 47, 0, 57, 0, 51, 47, 21, 47, 51, 47, 51, 0, 0, 0, 0, 47, 51, 47, 47, 47, 0, 0, 5, 47, 51, 0, 51, 45, 47, 47, 51, 51, 0, 5, 5, 47, 0, 18, 51, 57, 51, 5, 52, 24, 21, 51, 0, 51, 57, 57, 29, 5, 5, 50, 26, 18, 50, 5, 0, 5, 5, 47, 5, 18, 5, 5, 18, 52, 51, 0, 18, 52, 47, 52, 51, 52, 51, 52, 47, 18, 0, 51, 18, 51, 26, 51, 51, 18, 8, 58, 47, 0, 18, 51, 0, 51, 18, 58, 0, 0, 5, 51, 0, 5, 5, 18, 51, 5, 5, 5, 26, 21, 0, 0, 0, 0, 51, 0, 51, 51, 51, 51, 0, 0, 0, 0, 47, 0, 51, 51, 0, 0, 5, 0, 0, 51, 0, 51, 51, 0, 0, 0, 0, 51, 51, 51, 0, 15, 0, 0, 0, 51, 0, 1, 0, 0, 0, 0, 0, 51, 0, 0, 0, 18, 47, 21, 0, 0, 0, 0, 15, 0, 0, 0, 0, 0, 0, 0, 0, 0, 0, 0, 0, 0, 0, 0, 0, 0, 0, 18, 0, 0, 0, 0, 15, 5, 57, 5, 47, 51, 5, 51, 47, 47, 58, 57, 57, 0, 6, 47, 47, 57, 0, 9, 47, 0, 51, 47, 51, 0, 45, 57, 57, 45, 51, 5, 5, 57, 57, 21, 51, 57, 57, 26, 11, 5, 0, 0, 11, 47, 47, 0, 51, 11, 51, 57, 15, 26, 5, 5, 11, 5, 47, 57, 47, 57, 26, 45, 0, 51, 0, 18, 0, 0, 3, 3, 1, 57, 36, 26, 0, 0, 0, 0, 26, 26, 26, 47, 0, 57, 5, 0, 0, 58, 58, 47, 58, 26, 0, 26, 47, 51, 15, 47, 47, 21, 47, 45, 5, 47, 58, 5, 57, 0, 0, 0, 21, 15, 47, 47, 58, 47, 0, 47, 51, 0, 47, 47, 57, 8, 48, 58, 47, 26, 0, 51, 45, 57, 26, 18, 5, 6, 0, 21, 0, 5, 5, 0, 0, 0, 47, 57, 0, 58, 29, 0, 0, 47, 0, 45, 0, 47, 45, 0, 48, 58, 29, 0, 18, 0, 18, 26, 50, 52, 50, 26, 26, 0, 3, 47, 0, 18, 47, 13, 47, 0, 0, 26, 5, 5, 5, 0, 5, 47, 47, 18, 18, 52, 5, 5, 51, 51, 0, 5, 0, 52, 18, 52, 5, 5, 26, 18, 5, 0, 18, 0, 47, 52, 26, 0, 47, 18, 47, 47, 0, 0, 52, 5, 0, 0, 0, 0, 0, 0, 0, 0, 1, 0, 0, 0, 0, 0, 0, 0, 0, 0, 0, 0, 0, 0, 1, 0, 0, 0, 0, 0, 0, 0, 0, 0, 0, 45, 0, 0, 17, 0, 0, 0, 0, 0, 0, 0, 0, 0, 0, 0, 0, 5, 47, 26, 47, 47, 21, 5, 0, 5, 47, 26, 0, 47, 5, 5, 21, 51, 0, 0, 5, 5, 51, 47, 45, 57, 9, 5, 47, 21, 0, 3, 0, 0, 0, 0, 0, 5, 0, 0, 0, 47, 0, 0, 0, 5, 0, 18, 0, 0, 0, 3, 0, 0, 0, 0, 0, 0, 0, 18, 47, 0, 0, 0, 0, 0, 0, 0, 0, 0, 0, 0, 20, 47, 45, 0, 21, 51, 15, 47, 51, 57, 5, 47, 30, 47, 0, 15, 51, 15, 15, 51, 21, 0, 45, 57, 57, 0, 57, 21, 48, 58, 48, 58, 48, 58, 29, 15, 0, 15, 36, 0, 0, 15, 51, 30, 15, 57, 15, 0, 15, 45, 21, 15, 47, 51, 45, 8, 48, 58, 15, 8, 15, 51, 21, 47, 57, 45, 8, 48, 58, 0, 0, 5, 47, 0, 15, 51, 15, 57, 57, 8, 48, 0, 58, 26, 8, 29, 5, 47, 58, 0, 57, 47, 0, 57, 8, 5, 47, 0, 51, 0, 15, 21, 0, 0, 0, 51, 21, 0, 57, 57, 8, 47, 54, 57, 0, 5, 21, 5, 5, 57, 8, 8, 58, 58, 4, 0, 15, 42, 42, 42, 8, 58, 29, 47, 58, 51, 0, 57, 51, 15, 51, 45, 21, 15, 21, 47, 8, 0, 48, 58, 3, 5, 21, 47, 45, 15, 18, 19, 0, 18, 18, 21, 21, 47, 42, 47, 0, 21, 24, 0, 5, 5, 47, 0, 47, 51, 47, 45, 8, 48, 0, 0, 51, 48, 58, 47, 51, 5, 51, 5, 8, 58, 0, 5, 8, 58, 0, 50, 5, 5, 50, 0, 5, 5, 0, 0, 0, 52, 18, 13, 18, 5, 18, 51, 0, 36, 5, 0, 47, 5, 47, 0, 47, 51, 52, 0, 51, 5, 39, 18, 18, 47, 18, 18, 18, 18, 0, 18, 18, 3, 18, 47, 18, 18, 39, 18, 18, 0, 47, 18, 18, 51, 47, 5, 47, 52, 5, 51, 0, 18, 18, 18, 18, 18, 51, 47, 18, 52, 5, 0, 47, 52, 18, 47, 58, 0, 0, 5, 0, 0, 0, 52, 18, 51, 18, 47, 18, 51, 18, 18, 18, 47, 0, 0, 0, 51, 51, 0, 0, 0, 0, 0, 0, 0, 0, 0, 0, 57, 0, 0, 0, 1, 0, 0, 0, 0, 0, 0, 1, 0, 0, 0, 0, 0, 0, 0, 0, 0, 0, 0, 0, 0, 0, 3, 24, 0, 0, 0, 0, 0, 0, 0, 15, 0, 0, 0, 0, 0, 0, 0, 24, 0, 0, 0, 0, 0, 21, 0, 0, 0, 47, 51, 21, 47, 45, 8, 47, 58, 0, 18, 47, 18, 18, 0, 5, 51, 47, 5, 47, 47, 57, 47, 8, 48, 58, 21, 0, 21, 21, 21, 21, 0, 57, 47, 12, 47, 51, 21, 45, 45, 45, 45, 45, 0, 47, 8, 48, 58, 29, 26, 5, 26, 21, 0, 0, 47, 47, 57, 0, 51, 21, 5, 0, 0, 0, 47, 5, 51, 0, 47, 47, 47, 47, 57, 57, 45, 0, 13, 48, 48, 0, 0, 21, 5, 0, 5, 8, 5, 47, 58, 26, 47, 51, 5, 58, 58, 47, 47, 21, 26, 0, 0, 0, 0, 0, 47, 21, 8, 47, 9, 0, 21, 18, 45, 57, 48, 47, 47, 5, 51, 21, 0, 45, 8, 47, 58, 5, 58, 29, 8, 47, 58, 0, 0, 26, 0, 5, 21, 5, 18, 5, 5, 50, 57, 26, 5, 51, 16, 17, 50, 26, 18, 50, 26, 57, 26, 3, 24, 18, 3, 24, 0, 3, 18, 18, 47, 5, 0, 5, 18, 5, 0, 24, 5, 51, 50, 0, 18, 52, 5, 26, 52, 5, 52, 47, 18, 48, 51, 18, 47, 5, 26, 3, 24, 24, 5, 47, 26, 47, 13, 5, 26, 47, 0, 47, 47, 47, 51, 21, 47, 47, 18, 0, 47, 5, 47, 5, 5, 47, 9, 0, 47, 47, 0, 0, 57, 51, 21, 0, 26, 45, 21, 5, 5, 36, 0, 18, 0, 47, 5, 0, 57, 0, 51, 0, 51, 0, 0, 0, 47, 5, 39, 51, 0, 0, 5, 29, 15, 1, 0, 21, 36, 0, 5, 47, 57, 0, 18, 47, 5, 0, 0, 21, 0, 5, 18, 0, 21, 47, 51, 51, 47, 0, 0, 5, 47, 0, 0, 0, 0, 0, 5, 0, 5, 0, 0, 9, 18, 0, 0, 0, 3, 5, 0, 0, 18, 26, 47, 0, 51, 26, 5, 5, 47, 47, 21, 57, 51, 51, 47, 47, 45, 51, 21, 57, 47, 21, 57, 0, 5, 48, 58, 48, 58, 48, 58, 21, 0, 0, 21, 5, 0, 21, 5, 5, 5, 0, 47, 0, 0, 0, 0, 0, 0, 18, 47, 47, 21, 21, 45, 45, 45, 5, 47, 58, 0, 5, 51, 0, 51, 47, 45, 47, 58, 26, 0, 0, 5, 0, 18, 5, 0, 47, 47, 36, 47, 15, 51, 21, 47, 57, 15, 42, 47, 21, 51, 0, 21, 0, 45, 15, 47, 58, 47, 48, 58, 29, 7, 47, 58, 47, 58, 8, 47, 51, 58, 29, 0, 47, 11, 51, 0, 0, 0, 51, 15, 51, 21, 21, 57, 45, 51, 8, 15, 47, 47, 47, 47, 58, 29, 0, 15, 0, 51, 47, 0, 11, 47, 47, 45, 0, 47, 51, 51, 45, 8, 48, 29, 47, 0, 0, 58, 21, 5, 0, 5, 21, 47, 21, 57, 0, 47, 51, 51, 7, 7, 8, 48, 58, 29, 8, 5, 0, 0, 15, 0, 18, 0, 47, 21, 47, 48, 24, 47, 57, 28, 5, 5, 47, 58, 28, 5, 0, 58, 21, 47, 51, 7, 1, 0, 47, 0, 0, 0, 21, 47, 57, 57, 21, 47, 58, 0, 0, 0, 47, 0, 0, 47, 0, 47, 45, 21, 57, 8, 58, 48, 0, 5, 58, 47, 47, 58, 0, 47, 47, 29, 26, 0, 15, 21, 5, 50, 5, 5, 50, 5, 5, 18, 5, 5, 5, 5, 0, 39, 39, 5, 51, 45, 5, 47, 0, 18, 18, 47, 18, 18, 0, 18, 18, 18, 42, 18, 18, 18, 3, 24, 18, 18, 0, 39, 5, 57, 47, 21, 47, 18, 47, 18, 51, 5, 47, 5, 21, 30, 18, 51, 5, 18, 47, 5, 51, 18, 51, 51, 47, 51, 18, 47, 51, 51, 0, 0, 18, 3, 51, 0, 0, 18, 0, 0, 0, 18, 18, 18, 47, 51, 26, 51, 47, 45, 18, 0, 18, 51, 26, 26, 3, 21, 0, 0, 15, 0, 12, 0, 0, 47, 0, 29, 0, 57, 0, 0, 0, 0, 0, 47, 0, 21, 0, 47, 0, 15, 15, 0, 0, 21, 1, 0, 58, 0, 21, 48, 26, 58, 21, 0, 0, 47, 47, 47, 0, 47, 0, 5, 47, 0, 18, 5, 5, 0, 0, 0, 5, 0, 0, 0, 3, 24, 0, 5, 0, 0, 47, 5, 0, 47, 51, 21, 47, 45, 48, 47, 58, 48, 58, 0, 0, 0, 58, 47, 58, 29, 21, 11, 51, 21, 20, 47, 47, 47, 47, 57, 21, 47, 57, 8, 47, 0, 0, 48, 58, 58, 58, 51, 47, 51, 51, 51, 21, 58, 58, 0, 21, 57, 21, 47, 0, 0, 5, 0, 0, 11, 0, 0, 12, 47, 47, 0, 48, 47, 0, 9, 0, 21, 15, 47, 47, 15, 47, 51, 21, 47, 47, 5, 21, 48, 58, 48, 48, 47, 5, 51, 47, 47, 58, 47, 47, 48, 47, 58, 47, 28, 0, 0, 0, 0, 21, 47, 15, 47, 57, 21, 47, 57, 21, 51, 15, 47, 58, 7, 7, 7, 47, 15, 47, 57, 47, 5, 5, 47, 51, 8, 47, 51, 21, 21, 47, 47, 51, 57, 47, 5, 7, 48, 58, 7, 26, 15, 57, 0, 15, 0, 0, 0, 26, 0, 0, 0, 47, 0, 0, 0, 21, 21, 0, 0, 0, 51, 7, 58, 0, 5, 51, 47, 47, 21, 21, 21, 47, 58, 11, 11, 5, 51, 0, 0, 47, 51, 57, 47, 57, 0, 48, 21, 0, 51, 8, 29, 0, 0, 0, 0, 15, 47, 47, 47, 47, 51, 0, 0, 0, 0, 47, 0, 47, 21, 47, 5, 21, 51, 45, 8, 47, 51, 58, 45, 47, 51, 45, 45, 51, 28, 47, 29, 15, 47, 5, 15, 21, 47, 45, 51, 47, 58, 29, 26, 57, 47, 47, 7, 0, 0, 8, 48, 58, 48, 58, 0, 0, 47, 47, 42, 0, 47, 0, 0, 21, 28, 47, 45, 21, 8, 48, 58, 48, 48, 58, 26, 0, 0, 0, 57, 0, 0, 0, 0, 0, 45, 0, 0, 0, 5, 21, 47, 0, 47, 0, 0, 0, 21, 47, 0, 0, 18, 51, 47, 51, 45, 0, 0, 5, 28, 21, 0, 0, 0, 45, 47, 21, 36, 15, 57, 45, 47, 8, 48, 51, 58, 29, 0, 57, 57, 57, 57, 57, 0, 0, 51, 0, 0, 51, 5, 0, 29, 47, 28, 21, 0, 51, 0, 51, 26, 18, 18, 50, 47, 52, 5, 48, 51, 29, 39, 58, 0, 58, 28, 21, 0, 0, 0, 21, 47, 51, 51, 0, 0, 51, 28, 18, 8, 47, 51, 47, 0, 24, 24, 29, 21, 47, 47, 18, 18, 47, 29, 0, 51, 58, 47, 57, 0, 5, 58, 0, 8, 15, 47, 18, 21, 47, 51, 0, 0, 47, 51, 51, 51, 15, 47, 51, 21, 47, 57, 21, 5, 0, 26, 45, 5, 50, 5, 0, 5, 0, 39, 0, 39, 47, 5, 0, 47, 26, 5, 0, 0, 51, 5, 9, 0, 47, 18, 0, 0, 0, 0, 0, 0, 0, 0, 0, 47, 0, 15, 58, 47, 47, 0, 51, 51, 54, 0, 58, 5, 57, 26, 0, 0, 15, 0, 5, 0, 45, 5, 51, 29, 0, 0, 0, 0, 0, 0, 0, 0, 0, 0, 5, 21, 57, 5, 18, 47, 47, 0, 51, 0, 52, 0, 0, 5, 0, 0, 0, 0, 0, 0, 0, 51, 0, 58, 57, 7, 48, 58, 47, 29, 0, 0, 0, 15, 47, 0, 51, 51, 15, 51, 47, 57, 0, 0, 0, 15, 42, 21, 0, 0, 0, 0, 39, 47, 47, 21, 47, 47, 47, 8, 48, 15, 48, 58, 47, 47, 47, 0, 6, 0, 47, 0, 0, 0, 47, 57, 51, 51, 8, 48, 58, 57, 58, 48, 5, 58, 47, 53, 47, 58, 47, 58, 29, 0, 26, 47, 0, 0, 0, 0, 0, 26, 6, 42, 0, 5, 5, 47, 15, 51, 0, 5, 45, 0, 0, 21, 47, 15, 45, 57, 8, 48, 58, 29, 26, 15, 5, 53, 47, 0, 0, 53, 53, 0, 18, 0, 57, 53, 57, 21, 47, 0, 0, 0, 21, 0, 0, 5, 0, 21, 51, 0, 0, 48, 58, 58, 48, 58, 58, 57, 29, 21, 5, 15, 0, 47, 47, 0, 47, 5, 15, 0, 47, 15, 21, 0, 15, 0, 51, 0, 15, 51, 0, 47, 9, 15, 51, 47, 51, 21, 47, 51, 18, 0, 0, 5, 18, 56, 0, 21, 0, 0, 5, 47, 51, 51, 47, 53, 26, 5, 0, 5, 26, 0, 0, 0, 0, 58, 36, 15, 0, 0, 18, 47, 0, 0, 0, 0, 0, 0, 0, 15, 15, 47, 15, 47, 45, 8, 18, 48, 15, 48, 58, 51, 0, 0, 0, 0, 56, 18, 58, 0, 18, 21, 5, 58, 51, 51, 47, 58, 26, 47, 0, 18, 26, 0, 0, 0, 0, 47, 51, 57, 51, 51, 0, 57, 47, 47, 57, 57, 48, 48, 58, 36, 5, 8, 47, 0, 29, 5, 5, 26, 0, 0, 0, 30, 26, 0, 0, 5, 5, 0, 51, 15, 47, 45, 0, 26, 0, 18, 0, 18, 0, 18, 0, 5, 47, 0, 47, 0, 21, 0, 47, 47, 45, 3, 0, 18, 0, 0, 18, 0, 5, 47, 0, 0, 0, 51, 18, 42, 45, 45, 51, 57, 51, 8, 47, 58, 18, 0, 20, 0, 0, 0, 0, 0, 18, 0, 0, 0, 47, 5, 18, 0, 0, 3, 18, 18, 18, 18, 18, 0, 15, 0, 18, 17, 5, 50, 26, 5, 50, 5, 18, 0, 18, 18, 18, 0, 0, 0, 0, 3, 3, 0, 21, 5, 18, 45, 17, 0, 5, 47, 18, 18, 47, 0, 30, 8, 50, 18, 47, 18, 52, 18, 18, 51, 51, 47, 51, 0, 5, 0, 5, 51, 47, 0, 0, 5, 47, 0, 51, 5, 18, 51, 0, 47, 47, 0, 18, 51, 51, 51, 18, 47, 51, 0, 0, 0, 0, 0, 0, 0, 0, 5, 30, 36, 47, 15, 36, 9, 0, 5, 0, 5, 0, 0, 36, 21, 21, 0, 0, 0, 0, 51, 0, 21, 5, 0, 15, 47, 57, 0, 0, 26, 0, 0, 0, 0, 0, 0, 0, 0, 0, 5, 0, 0, 0, 0, 0, 5, 0, 5, 0, 0, 0, 47, 0, 0, 1, 0, 0, 47, 0, 0, 0, 0, 47, 0, 0, 0, 0, 0, 0, 0, 3, 1, 47, 0, 0, 0, 0, 18, 3, 3, 24, 0, 3, 24, 18, 0, 18, 0, 0, 0, 5, 18, 0, 0, 0, 3, 36, 24, 5, 0, 18, 0, 51, 0, 0, 0, 0, 5, 51, 1, 1, 0, 0, 3, 0, 18, 0, 0, 8, 58, 58, 48, 58, 57, 9, 36, 36, 5, 36, 15, 8, 15, 5, 36, 42, 9, 15, 36, 0, 42, 21, 21, 21, 15, 0, 0, 9, 0, 0, 15, 0, 0, 0, 9, 0, 0, 0, 0, 0, 21, 0, 5, 0, 0, 57, 0, 57, 57, 5]


video preds gmean:
[0, 18, 0, 0, 0, 0, 0, 0, 0, 15, 0, 0, 47, 0, 47, 0, 51, 0, 51, 47, 51, 57, 15, 15, 0, 0, 51, 0, 15, 47, 5, 51, 57, 0, 57, 51, 15, 51, 15, 47, 15, 57, 45, 57, 0, 57, 47, 47, 57, 0, 0, 51, 51, 57, 47, 57, 51, 47, 29, 15, 36, 51, 15, 51, 15, 11, 0, 0, 47, 15, 51, 51, 0, 47, 57, 57, 0, 21, 21, 48, 58, 47, 51, 29, 51, 21, 47, 15, 0, 47, 51, 21, 51, 47, 51, 45, 47, 0, 57, 0, 51, 47, 21, 47, 51, 47, 51, 0, 0, 0, 0, 47, 51, 47, 47, 47, 0, 0, 5, 47, 51, 0, 51, 45, 47, 47, 51, 51, 0, 5, 5, 47, 0, 18, 51, 57, 51, 5, 52, 24, 21, 51, 0, 51, 57, 57, 29, 5, 5, 50, 26, 18, 50, 5, 0, 5, 5, 47, 5, 18, 5, 5, 18, 52, 51, 0, 18, 52, 47, 52, 51, 52, 51, 52, 47, 18, 0, 51, 18, 51, 26, 51, 51, 18, 8, 58, 47, 0, 18, 51, 0, 51, 18, 58, 0, 0, 5, 51, 0, 5, 5, 18, 51, 5, 5, 5, 26, 21, 0, 0, 0, 0, 51, 0, 51, 51, 51, 51, 0, 0, 0, 0, 47, 0, 51, 51, 0, 0, 5, 0, 0, 51, 0, 51, 51, 0, 0, 0, 0, 51, 51, 51, 0, 15, 0, 0, 0, 51, 0, 1, 0, 0, 0, 0, 0, 51, 0, 0, 0, 18, 47, 21, 0, 0, 0, 0, 15, 0, 0, 0, 0, 0, 0, 0, 0, 0, 0, 0, 0, 0, 0, 0, 0, 0, 0, 18, 0, 0, 0, 0, 15, 5, 57, 5, 47, 51, 5, 51, 47, 47, 58, 57, 57, 0, 6, 47, 47, 57, 0, 9, 47, 0, 51, 47, 51, 0, 45, 57, 57, 45, 51, 5, 5, 57, 57, 21, 51, 57, 57, 26, 11, 5, 0, 0, 11, 47, 47, 0, 51, 11, 51, 57, 15, 26, 5, 5, 11, 5, 47, 57, 47, 57, 26, 45, 0, 51, 0, 18, 0, 0, 3, 3, 1, 57, 36, 26, 0, 0, 0, 0, 26, 26, 26, 47, 0, 57, 5, 0, 0, 58, 58, 47, 58, 26, 0, 26, 47, 51, 15, 47, 47, 21, 47, 45, 5, 47, 58, 5, 57, 0, 0, 0, 21, 15, 47, 47, 58, 47, 0, 47, 51, 0, 47, 47, 57, 8, 48, 58, 47, 26, 0, 51, 45, 57, 26, 18, 5, 6, 0, 21, 0, 5, 5, 0, 0, 0, 47, 57, 0, 58, 29, 0, 0, 47, 0, 45, 0, 47, 45, 0, 48, 58, 29, 0, 18, 0, 18, 26, 50, 52, 50, 26, 26, 0, 3, 47, 0, 18, 47, 13, 47, 0, 0, 26, 5, 5, 5, 0, 5, 47, 47, 18, 18, 52, 5, 5, 51, 51, 0, 5, 0, 52, 18, 52, 5, 5, 26, 18, 5, 0, 18, 0, 47, 52, 26, 0, 47, 18, 47, 47, 0, 0, 52, 5, 0, 0, 0, 0, 0, 0, 0, 0, 1, 0, 0, 0, 0, 0, 0, 0, 0, 0, 0, 0, 0, 0, 1, 0, 0, 0, 0, 0, 0, 0, 0, 0, 0, 45, 0, 0, 17, 0, 0, 0, 0, 0, 0, 0, 0, 0, 0, 0, 0, 5, 47, 26, 47, 47, 21, 5, 0, 5, 47, 26, 0, 47, 5, 5, 21, 51, 0, 0, 5, 5, 51, 47, 45, 57, 9, 5, 47, 21, 0, 3, 0, 0, 0, 0, 0, 5, 0, 0, 0, 47, 0, 0, 0, 5, 0, 18, 0, 0, 0, 3, 0, 0, 0, 0, 0, 0, 0, 18, 47, 0, 0, 0, 0, 0, 0, 0, 0, 0, 0, 0, 20, 47, 45, 0, 21, 51, 15, 47, 51, 57, 5, 47, 30, 47, 0, 15, 51, 15, 15, 51, 21, 0, 45, 57, 57, 0, 57, 21, 48, 58, 48, 58, 48, 58, 29, 15, 0, 15, 36, 0, 0, 15, 51, 30, 15, 57, 15, 0, 15, 45, 21, 15, 47, 51, 45, 8, 48, 58, 15, 8, 15, 51, 21, 47, 57, 45, 8, 48, 58, 0, 0, 5, 47, 0, 15, 51, 15, 57, 57, 8, 48, 0, 58, 26, 8, 29, 5, 47, 58, 0, 57, 47, 0, 57, 8, 5, 47, 0, 51, 0, 15, 21, 0, 0, 0, 51, 21, 0, 57, 57, 8, 47, 54, 57, 0, 5, 21, 5, 5, 57, 8, 8, 58, 58, 4, 0, 15, 42, 42, 42, 8, 58, 29, 47, 58, 51, 0, 57, 51, 15, 51, 45, 21, 15, 21, 47, 8, 0, 48, 58, 3, 5, 21, 47, 45, 15, 18, 19, 0, 18, 18, 21, 21, 47, 42, 47, 0, 21, 24, 0, 5, 5, 47, 0, 47, 51, 47, 45, 8, 48, 0, 0, 51, 48, 58, 47, 51, 5, 51, 5, 8, 58, 0, 5, 8, 58, 0, 50, 5, 5, 50, 0, 5, 5, 0, 0, 0, 52, 18, 13, 18, 5, 18, 51, 0, 36, 5, 0, 47, 5, 47, 0, 47, 51, 52, 0, 51, 5, 39, 18, 18, 47, 18, 18, 18, 18, 0, 18, 18, 3, 18, 47, 18, 18, 39, 18, 18, 0, 47, 18, 18, 51, 47, 5, 47, 52, 5, 51, 0, 18, 18, 18, 18, 18, 51, 47, 18, 52, 5, 0, 47, 52, 18, 47, 58, 0, 0, 5, 0, 0, 0, 52, 18, 51, 18, 47, 18, 51, 18, 18, 18, 47, 0, 0, 0, 51, 51, 0, 0, 0, 0, 0, 0, 0, 0, 0, 0, 57, 0, 0, 0, 1, 0, 0, 0, 0, 0, 0, 1, 0, 0, 0, 0, 0, 0, 0, 0, 0, 0, 0, 0, 0, 0, 3, 24, 0, 0, 0, 0, 0, 0, 0, 15, 0, 0, 0, 0, 0, 0, 0, 24, 0, 0, 0, 0, 0, 21, 0, 0, 0, 47, 51, 21, 47, 45, 8, 47, 58, 0, 18, 47, 18, 18, 0, 5, 51, 47, 5, 47, 47, 57, 47, 8, 48, 58, 21, 0, 21, 21, 21, 21, 0, 57, 47, 12, 47, 51, 21, 45, 45, 45, 45, 45, 0, 47, 8, 48, 58, 29, 26, 5, 26, 21, 0, 0, 47, 47, 57, 0, 51, 21, 5, 0, 0, 0, 47, 5, 51, 0, 47, 47, 47, 47, 57, 57, 45, 0, 13, 48, 48, 0, 0, 21, 5, 0, 5, 8, 5, 47, 58, 26, 47, 51, 5, 58, 58, 47, 47, 21, 26, 0, 0, 0, 0, 0, 47, 21, 8, 47, 9, 0, 21, 18, 45, 57, 48, 47, 47, 5, 51, 21, 0, 45, 8, 47, 58, 5, 58, 29, 8, 47, 58, 0, 0, 26, 0, 5, 21, 5, 18, 5, 5, 50, 57, 26, 5, 51, 16, 17, 50, 26, 18, 50, 26, 57, 26, 3, 24, 18, 3, 24, 0, 3, 18, 18, 47, 5, 0, 5, 18, 5, 0, 24, 5, 51, 50, 0, 18, 52, 5, 26, 52, 5, 52, 47, 18, 48, 51, 18, 47, 5, 26, 3, 24, 24, 5, 47, 26, 47, 13, 5, 26, 47, 0, 47, 47, 47, 51, 21, 47, 47, 18, 0, 47, 5, 47, 5, 5, 47, 9, 0, 47, 47, 0, 0, 57, 51, 21, 0, 26, 45, 21, 5, 5, 36, 0, 18, 0, 47, 5, 0, 57, 0, 51, 0, 51, 0, 0, 0, 47, 5, 39, 51, 0, 0, 5, 29, 15, 1, 0, 21, 36, 0, 5, 47, 57, 0, 18, 47, 5, 0, 0, 21, 0, 5, 18, 0, 21, 47, 51, 51, 47, 0, 0, 5, 47, 0, 0, 0, 0, 0, 5, 0, 5, 0, 0, 9, 18, 0, 0, 0, 3, 5, 0, 0, 18, 26, 47, 0, 51, 26, 5, 5, 47, 47, 21, 57, 51, 51, 47, 47, 45, 51, 21, 57, 47, 21, 57, 0, 5, 48, 58, 48, 58, 48, 58, 21, 0, 0, 21, 5, 0, 21, 5, 5, 5, 0, 47, 0, 0, 0, 0, 0, 0, 18, 47, 47, 21, 21, 45, 45, 45, 5, 47, 58, 0, 5, 51, 0, 51, 47, 45, 47, 58, 26, 0, 0, 5, 0, 18, 5, 0, 47, 47, 36, 47, 15, 51, 21, 47, 57, 15, 42, 47, 21, 51, 0, 21, 0, 45, 15, 47, 58, 47, 48, 58, 29, 7, 47, 58, 47, 58, 8, 47, 51, 58, 29, 0, 47, 11, 51, 0, 0, 0, 51, 15, 51, 21, 21, 57, 45, 51, 8, 15, 47, 47, 47, 47, 58, 29, 0, 15, 0, 51, 47, 0, 11, 47, 47, 45, 0, 47, 51, 51, 45, 8, 48, 29, 47, 0, 0, 58, 21, 5, 0, 5, 21, 47, 21, 57, 0, 47, 51, 51, 7, 7, 8, 48, 58, 29, 8, 5, 0, 0, 15, 0, 18, 0, 47, 21, 47, 48, 24, 47, 57, 28, 5, 5, 47, 58, 28, 5, 0, 58, 21, 47, 51, 7, 1, 0, 47, 0, 0, 0, 21, 47, 57, 57, 21, 47, 58, 0, 0, 0, 47, 0, 0, 47, 0, 47, 45, 21, 57, 8, 58, 48, 0, 5, 58, 47, 47, 58, 0, 47, 47, 29, 26, 0, 15, 21, 5, 50, 5, 5, 50, 5, 5, 18, 5, 5, 5, 5, 0, 39, 39, 5, 51, 45, 5, 47, 0, 18, 18, 47, 18, 18, 0, 18, 18, 18, 42, 18, 18, 18, 3, 24, 18, 18, 0, 39, 5, 57, 47, 21, 47, 18, 47, 18, 51, 5, 47, 5, 21, 30, 18, 51, 5, 18, 47, 5, 51, 18, 51, 51, 47, 51, 18, 47, 51, 51, 0, 0, 18, 3, 51, 0, 0, 18, 0, 0, 0, 18, 18, 18, 47, 51, 26, 51, 47, 45, 18, 0, 18, 51, 26, 26, 3, 21, 0, 0, 15, 0, 12, 0, 0, 47, 0, 29, 0, 57, 0, 0, 0, 0, 0, 47, 0, 21, 0, 47, 0, 15, 15, 0, 0, 21, 1, 0, 58, 0, 21, 48, 26, 58, 21, 0, 0, 47, 47, 47, 0, 47, 0, 5, 47, 0, 18, 5, 5, 0, 0, 0, 5, 0, 0, 0, 3, 24, 0, 5, 0, 0, 47, 5, 0, 47, 51, 21, 47, 45, 48, 47, 58, 48, 58, 0, 0, 0, 58, 47, 58, 29, 21, 11, 51, 21, 20, 47, 47, 47, 47, 57, 21, 47, 57, 8, 47, 0, 0, 48, 58, 58, 58, 51, 47, 51, 51, 51, 21, 58, 58, 0, 21, 57, 21, 47, 0, 0, 5, 0, 0, 11, 0, 0, 12, 47, 47, 0, 48, 47, 0, 9, 0, 21, 15, 47, 47, 15, 47, 51, 21, 47, 47, 5, 21, 48, 58, 48, 48, 47, 5, 51, 47, 47, 58, 47, 47, 48, 47, 58, 47, 28, 0, 0, 0, 0, 21, 47, 15, 47, 57, 21, 47, 57, 21, 51, 15, 47, 58, 7, 7, 7, 47, 15, 47, 57, 47, 5, 5, 47, 51, 8, 47, 51, 21, 21, 47, 47, 51, 57, 47, 5, 7, 48, 58, 7, 26, 15, 57, 0, 15, 0, 0, 0, 26, 0, 0, 0, 47, 0, 0, 0, 21, 21, 0, 0, 0, 51, 7, 58, 0, 5, 51, 47, 47, 21, 21, 21, 47, 58, 11, 11, 5, 51, 0, 0, 47, 51, 57, 47, 57, 0, 48, 21, 0, 51, 8, 29, 0, 0, 0, 0, 15, 47, 47, 47, 47, 51, 0, 0, 0, 0, 47, 0, 47, 21, 47, 5, 21, 51, 45, 8, 47, 51, 58, 45, 47, 51, 45, 45, 51, 28, 47, 29, 15, 47, 5, 15, 21, 47, 45, 51, 47, 58, 29, 26, 57, 47, 47, 7, 0, 0, 8, 48, 58, 48, 58, 0, 0, 47, 47, 42, 0, 47, 0, 0, 21, 28, 47, 45, 21, 8, 48, 58, 48, 48, 58, 26, 0, 0, 0, 57, 0, 0, 0, 0, 0, 45, 0, 0, 0, 5, 21, 47, 0, 47, 0, 0, 0, 21, 47, 0, 0, 18, 51, 47, 51, 45, 0, 0, 5, 28, 21, 0, 0, 0, 45, 47, 21, 36, 15, 57, 45, 47, 8, 48, 51, 58, 29, 0, 57, 57, 57, 57, 57, 0, 0, 51, 0, 0, 51, 5, 0, 29, 47, 28, 21, 0, 51, 0, 51, 26, 18, 18, 50, 47, 52, 5, 48, 51, 29, 39, 58, 0, 58, 28, 21, 0, 0, 0, 21, 47, 51, 51, 0, 0, 51, 28, 18, 8, 47, 51, 47, 0, 24, 24, 29, 21, 47, 47, 18, 18, 47, 29, 0, 51, 58, 47, 57, 0, 5, 58, 0, 8, 15, 47, 18, 21, 47, 51, 0, 0, 47, 51, 51, 51, 15, 47, 51, 21, 47, 57, 21, 5, 0, 26, 45, 5, 50, 5, 0, 5, 0, 39, 0, 39, 47, 5, 0, 47, 26, 5, 0, 0, 51, 5, 9, 0, 47, 18, 0, 0, 0, 0, 0, 0, 0, 0, 0, 47, 0, 15, 58, 47, 47, 0, 51, 51, 54, 0, 58, 5, 57, 26, 0, 0, 15, 0, 5, 0, 45, 5, 51, 29, 0, 0, 0, 0, 0, 0, 0, 0, 0, 0, 5, 21, 57, 5, 18, 47, 47, 0, 51, 0, 52, 0, 0, 5, 0, 0, 0, 0, 0, 0, 0, 51, 0, 58, 57, 7, 48, 58, 47, 29, 0, 0, 0, 15, 47, 0, 51, 51, 15, 51, 47, 57, 0, 0, 0, 15, 42, 21, 0, 0, 0, 0, 39, 47, 47, 21, 47, 47, 47, 8, 48, 15, 48, 58, 47, 47, 47, 0, 6, 0, 47, 0, 0, 0, 47, 57, 51, 51, 8, 48, 58, 57, 58, 48, 5, 58, 47, 53, 47, 58, 47, 58, 29, 0, 26, 47, 0, 0, 0, 0, 0, 26, 6, 42, 0, 5, 5, 47, 15, 51, 0, 5, 45, 0, 0, 21, 47, 15, 45, 57, 8, 48, 58, 29, 26, 15, 5, 53, 47, 0, 0, 53, 53, 0, 18, 0, 57, 53, 57, 21, 47, 0, 0, 0, 21, 0, 0, 5, 0, 21, 51, 0, 0, 48, 58, 58, 48, 58, 58, 57, 29, 21, 5, 15, 0, 47, 47, 0, 47, 5, 15, 0, 47, 15, 21, 0, 15, 0, 51, 0, 15, 51, 0, 47, 9, 15, 51, 47, 51, 21, 47, 51, 18, 0, 0, 5, 18, 56, 0, 21, 0, 0, 5, 47, 51, 51, 47, 53, 26, 5, 0, 5, 26, 0, 0, 0, 0, 58, 36, 15, 0, 0, 18, 47, 0, 0, 0, 0, 0, 0, 0, 15, 15, 47, 15, 47, 45, 8, 18, 48, 15, 48, 58, 51, 0, 0, 0, 0, 56, 18, 58, 0, 18, 21, 5, 58, 51, 51, 47, 58, 26, 47, 0, 18, 26, 0, 0, 0, 0, 47, 51, 57, 51, 51, 0, 57, 47, 47, 57, 57, 48, 48, 58, 36, 5, 8, 47, 0, 29, 5, 5, 26, 0, 0, 0, 30, 26, 0, 0, 5, 5, 0, 51, 15, 47, 45, 0, 26, 0, 18, 0, 18, 0, 18, 0, 5, 47, 0, 47, 0, 21, 0, 47, 47, 45, 3, 0, 18, 0, 0, 18, 0, 5, 47, 0, 0, 0, 51, 18, 42, 45, 45, 51, 57, 51, 8, 47, 58, 18, 0, 20, 0, 0, 0, 0, 0, 18, 0, 0, 0, 47, 5, 18, 0, 0, 3, 18, 18, 18, 18, 18, 0, 15, 0, 18, 17, 5, 50, 26, 5, 50, 5, 18, 0, 18, 18, 18, 0, 0, 0, 0, 3, 3, 0, 21, 5, 18, 45, 17, 0, 5, 47, 18, 18, 47, 0, 30, 8, 50, 18, 47, 18, 52, 18, 18, 51, 51, 47, 51, 0, 5, 0, 5, 51, 47, 0, 0, 5, 47, 0, 51, 5, 18, 51, 0, 47, 47, 0, 18, 51, 51, 51, 18, 47, 51, 0, 0, 0, 0, 0, 0, 0, 0, 5, 30, 36, 47, 15, 36, 9, 0, 5, 0, 5, 0, 0, 36, 21, 21, 0, 0, 0, 0, 51, 0, 21, 5, 0, 15, 47, 57, 0, 0, 26, 0, 0, 0, 0, 0, 0, 0, 0, 0, 5, 0, 0, 0, 0, 0, 5, 0, 5, 0, 0, 0, 47, 0, 0, 1, 0, 0, 47, 0, 0, 0, 0, 47, 0, 0, 0, 0, 0, 0, 0, 3, 1, 47, 0, 0, 0, 0, 18, 3, 3, 24, 0, 3, 24, 18, 0, 18, 0, 0, 0, 5, 18, 0, 0, 0, 3, 36, 24, 5, 0, 18, 0, 51, 0, 0, 0, 0, 5, 51, 1, 1, 0, 0, 3, 0, 18, 0, 0, 8, 58, 58, 48, 58, 57, 9, 36, 36, 5, 36, 15, 8, 15, 5, 36, 42, 9, 15, 36, 0, 42, 21, 21, 21, 15, 0, 0, 9, 0, 0, 15, 0, 0, 0, 9, 0, 0, 0, 0, 0, 21, 0, 5, 0, 0, 57, 0, 57, 57, 5]


video preds HV avg:
[ 0 18  5 ... 57 57  0]


video preds HV:
[ 0 18 45 ... 57 57  0]


video preds HV gmean:
[ 0 18  0 ... 57 57  0]


-----Evaluation of ensembles_from_scores/ensemble-models-rgb-BEST-4.txt and ensembles_from_scores/ensemble-models-rgb-BEST-4.txt is finished------
Overall Acc@1 51.47% Acc@5 80.40%
Overall gmean Acc@1 51.15% Acc@5 80.22%
Overall Pairs Acc@1 51.08% Acc@5 80.29%
Overall Pairs (gmean) Acc@1 51.15% Acc@5 80.22%
Overall HV Acc@1 50.05% Acc@5 73.91%
Overall HV Pairs Acc@1 50.94% Acc@5 76.35%
Overall HV Pairs (gmean) Acc@1 50.94% Acc@5 77.42%
